!Champion Equipment to improve your Champions
#Champion Equipment to improve your Champions
$00BD2C
138413
138416
139419
139428
139792
139795
139799
139801
139802
139804
139808
139809
139811
139812
139813
139814
139816
139819
139821
139822
139823
139824
139825
139826
139827
139828
139829
139830
139831
139832
139833
139834
139835
139836
139837
139838
139839
139840
139841
139842
139843
139844
139845
139846
139847
139848
139849
139850
139851
139852
139853
139854
139855
139856
139857
139858
139859
139860
139861
139862
139863
139864
139865
139866
139867
139868
139869
139870
139871
139872
139873
139874
139875
139876
139877
139878
139879
140156
140571
140572
140573
140581
140582
140583
140749
140760
143605
143852
147552
147553
147554
147555
147556
147557
147558
147559
147560
147561
147563
147564
147565
147566
147567
147568
147569
147570
147571
147572
147905
152437
152438
152439
152440
152441
152442
152443
152444
152445
152446
152447
152448
152449
152450
152451
152452
152453
152454
152927
152928
152929
152930
152931
152932
152933
152934
152935
152936
153132
