!Items used to increase Reputation with Legion factions
#Items used to increase Reputation with Legion factions
$005510
139020
139021
139023
139024
139025
139026
140260
141338
141339
141340
141341
141342
141343
141870
141987
141988
141989
141990
141991
141992
146935
146936
146937
146938
146939
146940
146941
146942
146943
146944
146945
146946
146949
146950
147410
147411
147412
147413
147414
147415
147416
147418
147727
150925
150926
150927
150928
150929
150930
152464
152954
152955
152956
152957
152958
152959
152960
152961
153113
